2.814820002170299418e+01
4.787460191458841763e+01
5.623142392901911535e+01
3.390712727674836202e+01
6.129832546690124673e+01
4.921124206297689341e+01
5.665177419197738118e+01
6.113496444881582903e+01
5.827735144464394779e+01
4.717797963412103712e+01
5.768243133408335410e+01
6.842239088582934414e+01
4.669968953055312966e+01
5.921014449388977141e+01
5.301453128504505941e+01
4.517927174156324099e+01
4.641135295713041842e+01
4.518304989516317249e+01
4.568497671689741679e+01
2.640212804677004854e+01
3.577836006479319053e+01
5.745099240311219546e+01
5.605043671157360308e+01
4.911009441876055348e+01
5.144740426096652186e+01
6.329359814228772763e+01
6.633033835186925842e+01
4.547580699436660723e+01
3.749099929141436149e+01
2.919337171735952552e+01
3.453992779152017789e+01
3.430872262848328802e+01
8.096647885312556525e+00
1.716773906929743276e+01
1.933093582479584427e+01
9.441864945302958390e+00
1.824272073274207884e+01
2.881278568828682296e+01
1.966382644443021732e+01
1.670764169836889579e+01
2.029383380564267014e+01
8.838132175205853258e+00
2.634059858852106828e+01
2.442646046006306904e+01
2.260911316474215838e+01
9.084796912473576569e+00
1.933722965403030258e+01
1.912416625342529031e+01
2.400631948755862410e+01
1.570540896007699594e+01
-1.836329270552712600e+01
3.758623895437136930e+00
1.186089877185670716e+00
9.001727906152714453e+00
1.131441456611972640e+01
-5.647952093756396508e+00
9.028837490020427126e+00
2.149179585681820015e+01
1.677158696339333588e+01
2.337569352665398625e+01
3.202178177212407917e+01
4.857295120942094968e+01
3.834077850602299975e+01
5.306104304242882108e+01
5.289270655231896257e+01
3.153107417316179450e+01
3.721432206381893337e+01
2.393032499898174947e+01
2.547309934303306989e+01
1.462745671940645664e+01
1.790612739221357685e+01
3.286540190153835539e+01
2.695031861801166073e+01
4.160220647589724763e+01
4.682298892274950219e+01
3.374496407831725975e+01
3.559037069945821230e+01
4.096263489724134388e+01
5.666136917912226956e+00
1.356450618853961387e+01
-4.642251860169564814e+00
1.621570977287019844e+01
1.185368367934165335e+01
-6.665925731030352352e+00
9.803210710173950737e-01
-2.006094647792644636e+01
-7.315919347648131676e+00
4.700181894875723465e+00
-2.881610365140664376e-01
-1.483332851694777865e+01
-2.176773348117913187e+01
-5.783313818404598017e+00
-1.384990562427940475e+01
-2.979936969100780431e+00
-5.607251094220508492e+00
9.272006614626204790e-01
-5.517175263367171567e+00
-6.548846392881213063e+00
-7.234305398294093692e+00
-1.017809137938669295e+01
1.200059255343059839e+01
-1.021214190452548998e+01
-1.982414859930970108e+00
1.797833289730613515e+00
-4.051461985818810341e+00
7.516552923908358608e+00
-1.937380768535690301e+00
5.961392855857932105e+00
2.393277010105293456e+01
-1.617076335816433064e-01
-1.930466773550310045e-02
2.445712450539374583e+00
2.782645140115837634e+01
2.102739084611077658e+01
-4.361275035529861732e+00
-1.669076965498427612e+01
-8.910413947673573531e+00
-7.996913462924561955e+00
-1.579154449367656454e+01
-1.385365014329711819e+00
2.729828603396103892e-01
-1.172948459075943362e+01
-1.046538775214405348e+01
2.692676272630272205e+00
-1.724550372942863774e+01
-9.149042322843199404e-01
-5.478428334097594110e+00
-1.814169687364129757e+01
-1.096246605427942100e+01
3.051452743338228135e+00
-8.069635843123888819e+00
-1.045424878131405855e+01
1.045080089016088287e+00
1.154586622431839338e+01
-7.740360602277684521e+00
-6.200239992341847639e+00
-2.192137750325813261e+00
4.727189480630471508e+00
9.012757921769912750e-01
3.041506413358880945e+00
-2.174159222407328951e+00
-2.670747851128872252e+00
-3.683767227722184678e+00
7.511496002493595725e+00
-7.503815448975035274e+00
-1.542964050697609446e-02
9.730250885999467414e+00
1.383691444130421466e+01
1.536018294237770121e+01
1.811857701850912550e+00
-1.008519161028293532e+00
2.551683069857311281e+01
2.392056586344590485e+01
5.411834728799401972e+00
9.339152377870083566e-01
2.472165936318692081e-01
-9.061666721067080488e+00
1.918623255859466781e+01
8.939988794857301357e+00
1.559887745130466641e+01
1.698129085874716893e+01
2.438949915146854508e+01
1.723955313003519008e+00
2.312561418027345539e+01
2.006015843757744577e+01
5.185980025169952157e+00
2.347489916736362403e+01
1.550118829909639651e+01
1.612325759992418028e+01
2.452833228887538297e+01
1.744726328808089022e+01
5.888922638842556623e+00
1.529989854208776556e+01
2.217726289372785331e+01
1.696373195435970516e+01
1.165370639185013246e+01
1.961578440272013424e+01
3.657843241032718851e-01
1.058775407391912537e+01
9.268496661100597223e+00
2.331887402579438273e+01
2.729360673313458463e+01
3.004649905153542733e+01
3.456730957047975039e+01
4.428421848036795438e+01
2.246852487151900135e+01
4.607864632561589247e+01
2.960781159194164758e+01
1.414880602121653297e+01
1.552182406854233143e+01
2.184988249491092915e+01
1.405751100449244184e+01
3.852161929276989305e+00
2.461415307513414863e+00
1.474146729672145639e+01
6.592913795667022292e+00
2.060016621640057366e+01
1.329860457247702676e+01
2.001764187025439412e+01
2.190205527983410505e+01
1.281987501123346540e+01
2.576026917425296858e+01
2.062692515283338679e+01
7.001172998911838086e+00
1.361868705376876321e+01
2.082604253480644374e+01
7.941769126574318882e+00
2.095952508808086279e+01
3.194879552023951419e+01
3.055974985101415697e+01
2.680783223219991740e+01
2.051266149284756679e+01
9.953892040577752454e+00
2.192042438466232213e+01
3.383188462177027844e+01
4.774285646240392822e+01
3.914637877327390925e+01
4.785947828644846425e+01
3.371947859994977392e+01
3.818128420037939463e+01
4.598408410287450465e+01
3.884080272226526631e+01
5.744170602087009314e+01
5.519438067745202403e+01
3.644276170624768696e+01
4.204014656302564390e+01
3.328174631144434414e+01
3.502600105380385997e+01
3.106467203538548105e+01
3.061232270530284794e+01
3.284915796745128347e+01
4.554556755374808574e+01
3.349684703312883016e+01
2.554841034715573400e+01
2.952525505970760378e+01
2.886106816527998831e+01
1.850747570906729322e+01
4.247777179823116711e+01
3.615767214741858027e+01
4.933903274282324958e+01
4.586902786736330739e+01
4.632060877125071841e+01
4.114209863332924044e+01
5.020920685049419774e+01
4.740383000124277402e+01
4.069715732245872886e+01
3.440221137453930567e+01
3.941236987330064778e+01
5.579764214453853555e+01
4.236622787627337061e+01
2.793554653317393388e+01
4.488105271945294561e+01
2.593377647574692091e+01
4.920603920281730836e+01
5.297244077901802939e+01
3.924953166592537457e+01
4.586999978343548889e+01
5.220018247929213118e+01
5.276773136316299428e+01
4.106905162406538778e+01
4.804099338732075353e+01
5.358890716102121132e+01
5.251675547232856189e+01
4.321334483338340249e+01
4.268456780750137369e+01
5.821505987089881984e+01
5.297854074458035711e+01
5.403359722881744176e+01
5.115848321271346322e+01
4.974766725890480501e+01
5.301883335355540794e+01
5.049338783022331256e+01
4.877290562034122701e+01
5.579689527514499048e+01
5.260396381864561732e+01
5.955477472433579322e+01
5.732582877981370473e+01
4.942210274227861788e+01
3.726817655196332169e+01
3.376749706222750547e+01
3.434551200614010469e+01
3.796894751289906367e+01
3.532424818284539469e+01
4.107892548059461291e+01
4.653693242007573616e+01
5.305475265764352599e+01
4.688716639800676234e+01
3.316357852228736647e+01
4.387705147542821038e+01
4.776589098076019013e+01
3.167832139444001172e+01
3.943892017527622329e+01
1.909986000363056746e+01
1.737920680143154684e+01
4.623136845435168851e+01
4.983731642625001967e+01
4.141294047737028450e+01
3.796870375234463069e+01
5.861639207478994962e+01
5.096250459351750806e+01
4.096698255187114057e+01
4.647884245417015592e+01
5.317805038137034046e+01
4.836938087596582392e+01
5.146350991558080068e+01
5.186618046613140365e+01
5.872828809602119549e+01
6.121597777400735652e+01
4.760994189732963378e+01
5.822702622866101052e+01
4.415172067494295760e+01
2.675208700550611951e+01
4.352531663853250876e+01
3.675294321257894836e+01
5.630060110380917138e+01
4.331191630901674472e+01
5.314004525883285623e+01
6.088131576499621644e+01
5.647617065512214651e+01
4.286515491827294255e+01
5.968431314371059671e+01
5.718452718137183410e+01
4.980317602649019193e+01
4.394186435807257141e+01
3.024661535611807039e+01
4.586316639403829498e+01
5.461613946136939290e+01
5.392268488316609876e+01
6.233115046803649051e+01
5.068266433789278125e+01
4.716881611705351673e+01
6.432244912371652390e+01
4.459108913913012628e+01
5.691958500842086721e+01
4.440487855937019646e+01
5.136902064887669894e+01
3.514051216494169694e+01
4.965612894929927279e+01
4.093771951960348332e+01
4.622476943767320989e+01
3.547169466517823366e+01
6.329219940525065624e+01
7.311778317416235495e+01
5.961963102508931200e+01
4.164821144317869539e+01
4.577967945554500773e+01
3.942865650642765729e+01
4.943898343251883176e+01
2.805082833401835529e+01
4.109367617668259243e+01
4.054100363951523178e+01
3.282508019320024317e+01
5.044855237859744079e+01
3.913207878122297245e+01
3.146394026097500785e+01
4.058224702062842937e+01
4.333522616634783731e+01
5.145478847795767763e+01
5.164598611836652964e+01
4.633692784766150652e+01
5.484846768569138931e+01
3.346835163106661071e+01
5.810969810455794260e+01
4.132814390457649978e+01
6.060838062927749803e+01
5.149649645810110599e+01
5.501251167266908482e+01
4.399608252789349194e+01
5.364772073859514023e+01
4.493582292748595819e+01
5.077916663409550324e+01
5.183101843480109494e+01
5.363157486727554613e+01
5.718499367581721060e+01
4.460866482013384626e+01
4.779620715622972682e+01
4.055658846757121694e+01
4.452026719938142918e+01
4.667841380277562990e+01
4.630442531244307958e+01
4.822624487646827873e+01
3.373573925585696998e+01
3.139714254295145679e+01
4.490136527770746966e+01
4.559184624039718159e+01
3.706682341642210332e+01
3.406513179225154175e+01
3.168186891932496962e+01
3.960087617790990322e+01
3.179333193203144248e+01
4.018412536094852072e+01
3.850421779112536314e+01
3.820885137223026362e+01
2.785799544418365414e+01
3.162203036005374912e+01
4.277359118283462180e+01
5.417913940003884221e+01
4.579770642038462825e+01
5.760476996721531862e+01
6.392208174104658269e+01
5.112532312330975515e+01
4.049448273617337435e+01
5.439700633383719719e+01
4.607777430411605479e+01
6.700155835129628201e+01
5.475814481705891978e+01
8.098412650785374467e+01
6.991599659359479801e+01
6.184281592650901160e+01
6.138887263958417861e+01
6.539038559910073900e+01
5.849709758427481887e+01
5.911304060991614051e+01
5.360896543702370565e+01
3.778440119575905243e+01
4.287019580646370542e+01
4.446503550559735629e+01
5.583573440185492132e+01
5.758231362928364661e+01
5.514415282451347622e+01
4.659218297793734820e+01
5.950280019714135449e+01
4.903835442824072288e+01
4.370245825436045095e+01
4.597064584475482008e+01
4.092631309938497708e+01
3.744379580905243898e+01
5.230245401909560599e+01
4.948348964503626490e+01
4.883744809642205809e+01
5.070179370302197697e+01
4.721386743628045934e+01
5.319531110122140660e+01
5.458545550201257157e+01
4.361077072439292834e+01
5.296504513103207756e+01
5.326879688520111245e+01
3.021829759988515107e+01
4.724816199349111656e+01
2.412884763925899989e+01
3.902024689909768540e+01
3.773481239332979698e+01
4.563306252192920454e+01
5.824947470786915460e+01
4.107339563347360922e+01
3.815895402546985338e+01
3.881878120286964418e+01
3.846322425755795393e+01
5.045379325164003603e+01
4.725345564052416591e+01
3.526232837704881007e+01
3.895122722436723706e+01
4.927843511700410772e+01
4.209512806743651225e+01
5.098039730592886087e+01
4.057675318212596949e+01
3.079042482690239169e+01
4.312580094830444466e+01
5.475276750401171455e+01
3.520301601342487885e+01
2.247326199529740620e+01
1.872995354249921363e+01
1.746331425100312984e+01
6.834717853599908466e+00
-1.836324946316668871e+00
1.018298699468623836e+00
8.199389987242226008e-01
-7.987219766476243432e-01
3.744484047880176192e+00
1.667205473529956805e+01
3.083699160550559881e+01
2.963057116709523342e+01
2.642269150959627666e+01
2.473330799031565874e+01
2.296047731042545781e+00
3.555672428232153948e+01
2.888644752499381951e+01
1.514265319273231114e+01
1.709065584033197638e+01
4.866946386889522103e+01
5.274424145429109956e+01
5.363962751102084781e+01
4.660899706740176640e+01
4.320013019786608766e+01
4.390830371748728567e+01
5.914172609800779412e+01
7.137862916390641033e+01
4.969754331376645951e+01
5.972766520735790152e+01
3.754953664214912834e+01
3.125036328682942965e+01
2.306169534438538449e+01
4.059782641306334483e+01
4.938468373699107872e+01
4.199680487042704158e+01
4.840421589001334013e+01
4.402301312670748956e+01
1.858730748562330248e+01
3.248472681862939027e+01
1.930992170600632818e+01
3.443105336401030314e+01
3.278600885944010201e+01
2.075881743346242914e+01
2.804674214183464542e+01
5.431494355331371793e+01
3.568318127649080651e+01
4.762670377172040759e+01
4.177266495047208394e+01
4.905902646059227834e+01
5.351909053629240987e+01
6.208876165318709184e+01
5.146338077612957562e+01
4.155510058255272554e+01
2.128560115857630208e+01
1.501804296670409222e+01
2.735130671231497601e+01
5.331526605325427681e+01
3.987340713912882961e+01
4.214342985308685030e+01
5.187907500664358906e+01
3.313175820610715760e+01
4.702181670576299410e+01
5.210177194344640128e+01
6.269758001381254076e+01
5.569721576179974676e+01
3.223662555758528470e+01
4.663787975486904713e+01
4.757598915474512324e+01
5.404538244424313120e+01
6.929235365967416271e+01
4.896003771671101390e+01
7.533958209225845337e+01
6.048157636236055623e+01
5.716527999096827983e+01
5.755671705087925005e+01
7.061545387809688634e+01
5.487458301953487450e+01
5.377830668100480693e+01
4.686459154793300996e+01
5.475796341660452526e+01
5.736004529888455039e+01
5.547472622694412081e+01
5.753336756166222443e+01
4.961255668274151276e+01
6.896446348118416836e+01
7.083654305745758961e+01
6.796767721937629858e+01
6.672199233392453266e+01
6.221219021785071845e+01
5.732758684769037671e+01
5.919967327349299069e+01
7.032246181785457395e+01
6.486971510663599361e+01
6.820052492146274403e+01
7.626702397675704503e+01
7.432976437927503355e+01
8.840239527146975718e+01
7.678175081239287181e+01
7.768005215359252702e+01
6.057646050122925629e+01
7.122977547501069751e+01
6.885580052236115023e+01
6.210000637371826571e+01
6.122454812744243924e+01
6.753436349183780862e+01
7.131440433616309349e+01
6.700646386289614043e+01
6.953516380931334595e+01
7.619548628228575637e+01
7.536455148186703923e+01
7.626342603829743894e+01
6.563929954484456175e+01
6.878284553937639600e+01
8.107383545513414447e+01
7.855207802529979233e+01
7.506516219603581419e+01
6.612153017809231415e+01
7.510481125887977782e+01
9.146948700161811985e+01
8.119644820153476417e+01
8.347305994248804950e+01
7.856206924807324299e+01
8.499911612930863214e+01
8.729531344790594005e+01
8.798804757011041033e+01
8.143791558183417578e+01
8.572130711606867237e+01
7.934827247236630399e+01
8.123986724163968631e+01
7.550581748765867474e+01
7.703562157842443980e+01
9.859660349762435771e+01
7.938325173212425057e+01
7.907887742645564799e+01
7.411072600400814281e+01
6.558791969028519020e+01
6.443976165293048552e+01
7.442143818791033993e+01
7.955708066462898387e+01
7.058470646414268401e+01
7.987411729833841889e+01
9.297176919241545079e+01
8.676869407746178808e+01
7.854228416180700378e+01
9.265911579502662221e+01
9.636883359706197894e+01
8.064103940102462786e+01
9.322624395503065386e+01
7.429892780381619843e+01
7.566187047837811974e+01
5.457174144944795557e+01
7.698632776713006365e+01
6.606507196119814296e+01
6.340396840302970816e+01
7.507203838899472714e+01
7.706632456057242564e+01
6.948290652294369352e+01
6.979858295846877070e+01
8.303395054834427924e+01
6.560388273335257736e+01
7.201030669865335199e+01
8.195674113801381111e+01
6.237012328592798838e+01
5.727086560571591889e+01
5.793027197924627814e+01
5.850350771756868795e+01
7.374594332793010665e+01
7.415947734063546193e+01
6.503440523475471480e+01
5.722532677880551688e+01
7.693095306219248641e+01
6.474477228010528052e+01
8.766338778993463166e+01
7.334798529928863786e+01
7.322774475392347426e+01
6.850216798427014453e+01
7.883237246567870216e+01
6.382300483453178686e+01
5.704855221258365106e+01
7.154260848566030973e+01
6.064244467563941754e+01
8.157201063211910252e+01
6.178692024505721747e+01
6.497826346580565371e+01
5.682504464087680418e+01
6.829446730281755151e+01
5.521015735245175193e+01
5.427549564393076764e+01
5.131874732785158244e+01
6.579955986069498408e+01
6.491613662848816091e+01
6.547039226749609497e+01
5.653250806566596509e+01
5.198189500330168755e+01
5.481907643782000861e+01
6.647348548721517147e+01
5.305975798439562396e+01
4.472078666064158625e+01
5.750123825404779154e+01
5.500457791519098549e+01
5.114951347411843585e+01
6.783323423116624440e+01
5.155562545835282151e+01
5.207120884304734432e+01
5.186860286245405405e+01
7.437672892368446753e+01
6.511897022892122777e+01
6.318042857086137332e+01
5.934219885486282209e+01
5.488532758401225919e+01
5.267879362734735338e+01
5.468080466695389674e+01
4.593550295034654596e+01
5.299816324600369200e+01
5.409244828408593975e+01
5.038911975616112215e+01
4.021327576546821092e+01
5.064620296534528165e+01
5.026109723680903585e+01
4.693223435792194209e+01
4.873269990503241189e+01
5.009271457671429317e+01
6.248962587075013175e+01
4.914128371083541680e+01
6.117256645557847605e+01
5.527243641892762582e+01
3.414928753468758060e+01
4.915269462057507610e+01
4.706093404201363484e+01
4.573918162735132142e+01
3.075222808338884306e+01
3.786328966806534169e+01
4.541870408252334101e+01
4.646891362561921568e+01
3.889044844375261079e+01
3.992903771200006702e+01
4.684188129831087366e+01
4.301218798001882249e+01
4.408309305060635097e+01
4.348654481063729804e+01
5.190787919783430482e+01
4.285225860705116219e+01
4.452666555608951171e+01
4.375437628345915186e+01
5.125609176453739479e+01
5.350237643759309236e+01
5.252189204259228461e+01
3.894733404155751089e+01
3.939084635658291234e+01
3.937276448871595846e+01
5.611555278969784410e+01
4.754327928582211626e+01
5.770863477018503573e+01
4.387206426602530485e+01
5.308490832288639893e+01
5.162266149335601284e+01
5.360195390040684060e+01
4.111173668916188717e+01
4.105771879064685237e+01
4.175772276873973254e+01
4.093449030004064326e+01
4.592602139924522220e+01
4.602469950610882421e+01
5.016574243456736326e+01
3.727076302797936336e+01
3.720171395085321819e+01
2.660872534759001695e+01
4.349319230890806409e+01
3.854298831690248051e+01
3.519227660707890237e+01
3.642268004314978214e+01
3.295171439229408605e+01
4.123544441645464076e+01
3.118120140674598417e+01
3.279977133427802727e+01
3.780935656587360683e+01
4.699397772074072321e+01
4.959524700608775305e+01
3.922099083693663601e+01
3.977627089155876661e+01
3.570751541131908624e+01
3.395127050920562084e+01
5.449505676559515166e+01
3.435841175896673150e+01
3.336723559077753976e+01
3.597594707825639659e+01
3.692870846645080718e+01
4.561979333576435636e+01
3.959269513612512270e+01
4.394695492624638433e+01
3.530764483289426181e+01
4.569974234443445482e+01
3.981991025405893225e+01
4.034160828575434010e+01
5.011710976729268197e+01
3.888075392670591413e+01
4.375815161585299506e+01
3.449229897872816508e+01
3.779849174852579807e+01
3.221132639862562996e+01
3.541827440627314161e+01
3.254230498397575388e+01
3.037518903379548263e+01
3.197687271181240121e+01
2.299779972167319286e+01
3.435164741187202964e+01
2.859181722934201986e+01
4.167908856468420709e+01
4.351696136011027249e+01
4.452492650840223831e+01
4.371902306674623873e+01
3.338738715063023221e+01
5.094377620680579355e+01
5.463483019640487726e+01
4.785359390105688959e+01
5.444493779683499213e+01
5.089264058292907578e+01
3.661610463853247666e+01
3.820451940243591338e+01
4.552210639750695975e+01
4.758524910238031680e+01
5.136023336531025762e+01
5.484429096973659767e+01
4.003406782317657076e+01
6.310254598488135969e+01
5.463131445543936593e+01
4.783067690209480816e+01
5.193397788994740694e+01
5.637407528401659818e+01
3.829309435064659084e+01
4.646419650237188392e+01
4.009356235089891385e+01
3.468723933463287779e+01
3.154462608396266177e+01
2.287041377589225988e+01
3.998135347933629191e+01
3.770967916697324540e+01
3.755019949213262009e+01
3.884410845014242142e+01
4.597788999770931184e+01
4.633546832135452576e+01
5.888612011152815739e+01
6.529213784457495251e+01
5.702018384148536967e+01
6.819497215377913335e+01
7.178399976161765039e+01
6.619474356510752955e+01
5.398875180403448582e+01
6.535412861539208507e+01
5.443872979087917940e+01
6.436139027781158006e+01
6.490671762221019492e+01
5.204892523335647780e+01
4.833863976988141786e+01
5.653107939051795228e+01
5.536352822624477454e+01
3.599311357421177604e+01
5.244226700557475596e+01
5.896845742441850291e+01
5.752918886194402148e+01
4.430423972481160888e+01
4.939946883691161617e+01
5.095142076133998899e+01
4.229490291738010654e+01
4.132206517937176216e+01
2.893780035613678336e+01
4.438759583520057106e+01
3.923172259104851634e+01
3.730227154120883881e+01
3.857512695461652186e+01
3.394573170631236536e+01
5.102043582489101681e+01
5.350197993196914581e+01
4.444401687668568002e+01
3.917147896906622861e+01
4.309051059297257069e+01
4.083187802645075948e+01
4.843524764817050965e+01
5.263681116311965980e+01
5.808276473307318355e+01
5.847389996629590314e+01
5.039659101627540849e+01
5.444265869616459241e+01
5.265485162049488821e+01
5.090844709284652225e+01
5.135174941509665558e+01
5.771310012724209315e+01
3.831560915045699289e+01
4.839734897139576475e+01
5.695773620106398738e+01
4.366726004593894572e+01
5.505138112324495836e+01
6.508757284479845850e+01
6.100502637060379385e+01
5.021931983422642531e+01
5.824126514285366341e+01
5.634442650379418183e+01
6.083723430419587430e+01
4.366114744116360669e+01
5.118891383640355031e+01
5.049874758652421036e+01
4.654802659687570809e+01
4.720843599123163159e+01
5.299363228429285755e+01
6.543830335707944812e+01
4.236861469620152576e+01
4.551790425175345689e+01
5.486006536099407782e+01
3.849937907531356984e+01
3.970684118851283273e+01
4.842547341242946857e+01
5.400958362337092211e+01
5.995479179620593158e+01
8.163639623907961607e+01
6.375722079971917822e+01
7.405882089384591893e+01
6.016240545417129937e+01
5.289587861882260711e+01
3.520509044290816547e+01
4.804620074800134688e+01
4.693417940192832560e+01
3.782203870052774164e+01
5.451830618851209920e+01
4.766422794832893572e+01
3.912977495056652089e+01
3.883198106049507459e+01
3.632377595812597804e+01
2.203169140223964817e+01
3.369045982890256141e+01
2.623917304268454131e+01
3.686899563318460338e+01
3.517596177937463864e+01
2.211492184006755934e+01
3.123082956494250340e+01
3.546954287885576917e+01
1.865205003635828973e+01
1.813284002131970851e+01
1.540451046142830016e+01
2.139908751577288726e+01
2.727241603621686750e+01
2.947584628731597434e+01
3.126946280163658898e+01
1.765751350079454696e+01
1.945619136987541253e+01
-2.073487004866515770e-01
-1.611954811658027342e+00
4.057857442629880795e-01
1.299885829957795202e+01
2.590107842324144016e+01
1.649420191267786251e+01
2.465620343976146955e+01
2.236254924091239360e+01
8.921410089289533829e+00
1.376654031016241930e+01
2.674106781780203690e+01
2.634210160589152139e+01
1.618089484224076458e+01
1.252510883912937878e+01
2.989311553255809173e+01
3.695083459747405641e+01
2.160000938732099485e+01
3.105843999987973802e+01
8.891839144067047229e+00
3.192760224904199973e+01
3.110989397776967280e+01
2.833056102643209684e+01
2.553541093986142130e+01
3.470234984858587524e+01
1.858385475966657907e+01
4.195393207897377863e+01
4.172911532253938560e+01
3.264786462269111667e+01
2.249831501525006416e+01
4.646548823190096300e+01
2.571087335397900731e+01
4.030592762561743569e+01
2.039057696268298159e+01
2.681423553901640489e+01
3.202592087300372725e+01
3.734987888046348559e+01
2.808536550461186110e+01
4.945217354068872595e+01
3.182123034830893005e+01
1.307229769472924730e+01
2.218947533318725007e+01
2.418080510112400461e+01
3.009710556924688518e+01
3.145713212230625544e+01
2.733266120327235882e+01
3.471911317660046592e+01
4.506170014670907875e+01
6.128454313969979239e+01
6.242890665056022925e+01
5.606552871315100361e+01
6.258996824002426962e+01
5.727886496444704534e+01
6.211837269484832547e+01
4.926550618360902689e+01
5.386504932533508594e+01
5.693127261635530090e+01
4.587339191448861442e+01
6.789186629845690391e+01
4.512257191022342084e+01
3.194061391294151520e+01
6.547288267080331536e+01
4.727848212981964338e+01
3.713767029429363475e+01
4.428929316434217611e+01
6.145835709491967691e+01
6.368828721352866751e+01
4.736712861087332982e+01
5.640060073762810333e+01
6.941170327559012776e+01
5.436253874874802960e+01
6.465698151745938560e+01
4.001940158438485184e+01
3.991890892502120636e+01
3.778504768873604291e+01
3.894070677657063584e+01
2.656633226227882361e+01
2.021227712939458243e+01
1.614325215628890220e+01
2.621220769662877093e+00
1.489947954836772581e+01
1.694888387932919827e+01
2.996824786479686509e+01
1.102549548376781630e+01
2.325758345459025733e+01
2.248334831181730209e+01
2.631221997714994387e+01
8.324800350705094942e+00
2.073225142793500453e+00
-3.289902355794052990e+00
3.239168308596351409e+00
-4.220490766009858064e+00
-1.755010363691121622e+00
2.420939837752898782e+01
8.881005811735535715e+00
1.640877756822661127e+01
5.626894945870747122e+00
3.208169982659283903e+01
3.226318591282632298e+01
8.335376957196483971e+00
3.033425701905268568e+01
3.379778729108298307e+01
4.764156725906132550e+01
4.839587565828384186e+01
5.259032369288694753e+01
3.116860067416195790e+01
5.548395083835228547e+01
2.863425714575090453e+01
4.596392355929522466e+01
4.713338432574114734e+01
4.138390169715731304e+01
2.888919396811748541e+01
3.140115219083547515e+01
2.567267058990206863e+01
4.465784268989120420e+01
3.815002974940542657e+01
3.348498344318326048e+01
1.395136823230891743e+01
3.234700270577811665e+01
3.180336164819332367e+01
3.984829109329695740e+01
3.663754378143829626e+01
4.653014936008322877e+01
4.292622723345565561e+01
5.068360690496196952e+01
4.914078268623685375e+01
2.922785835261316123e+01
4.186010489719946293e+01
4.323280563244215102e+01
4.090746554328072193e+01
3.418646127341256857e+01
3.487107652907699418e+01
3.533168074207669207e+01
3.139846270612439483e+01
2.586361635597404174e+01
2.406500924563703592e+01
3.345045719248816596e+01
9.728825166493692223e+00
6.733022283840371713e+00
1.414993699658604065e+01
7.818610219139353390e+00
1.050001949859768047e+01
1.055980528315255640e+01
3.225827650090760113e+00
2.253437505917994343e+01
1.585987150570092652e+01
5.204805762356769172e+00
6.036745825463046167e+00
2.678877112382080483e+00
-2.086818397249009749e+00
1.929767466875939874e+01
1.223651584964506256e+01
1.480390366746306796e+01
2.438443835537463755e+01
3.079781495040004557e+01
4.139943411555167074e+01
3.782863147693443295e+01
4.116429690066980385e+01
4.372316571433926669e+01
2.252119741433504885e+01
3.835828063338939131e+01
1.991039178252138342e+01
1.834885723658513967e+01
1.835242470561174599e+01
6.763023987406845627e+00
2.603475698798720828e+01
2.225524874306927359e+01
1.681166824559099027e+01
6.865936043387392829e+00
2.646711948296615446e+01
1.774994303565739528e+01
2.833708306316134085e+01
3.827676109515114433e+01
2.223682984102738303e+01
1.722503149525967103e+01
3.181917282723386720e+01
1.007481059576840110e+01
2.774761330545204174e+01
1.150723412499261755e+01
2.254252120409880789e+01
2.140317307402126801e+01
2.891039504669662108e+01
2.622389792098749339e+01
3.220219553312844596e+01
2.712175306261416097e+01
3.273884806569420647e+01
1.613154686510130631e+01
3.754585444170201924e+01
2.541786382440535164e+01
3.362802368263382391e+01
3.415689304849131247e+01
3.765817747591388098e+01
2.416585949273729383e+01
2.276904676017831264e+01
3.217535177631465615e+01
3.475120907238524381e+01
2.746667099792577105e+01
3.684931010175822763e+01
3.591734721054221069e+01
4.260041652808826740e+01
3.840428440159032419e+01
4.861154796366141539e+01
2.817851588293720511e+01
4.249140760830585606e+01
3.481708350539037866e+01
3.266791561462979843e+01
2.234217474657508262e+01
1.488679068239359538e+01
3.479472465728837705e+01
3.430467535703017035e+01
2.233733955275654992e+01
3.549583024213709592e+01
2.403493408485563521e+01
2.470327291987067397e+01
1.373486127058582973e+01
2.777618278156741027e+01
3.419491218954419764e+01
2.189590453408872861e+01
3.285597688785712478e+01
3.923820188582818957e+01
3.268630179527732338e+01
2.313484915713668144e+01
3.265170987229381439e+01
2.674663682629117289e+01
3.511266310800925794e+01
2.960829555386709089e+01
3.892111563824234821e+01
3.730029685293015973e+01
2.353114796068573611e+01
2.994043209278395778e+01
3.332628713232523410e+01
2.607729263358611149e+01
1.196082169162458086e+01
3.672370363768334300e+01
1.710317452548236261e+01
2.435700759308238261e+01
2.899452007663379760e+01
3.550750575368737572e+01
3.657754426005907078e+01
4.316931694879995263e+01
2.935267660017143854e+01
3.704383396849186738e+01
1.828265808035514084e+01
3.791405624963420706e+01
3.476594208954378473e+01
1.830793334412418361e+01
1.242471867358187154e+01
2.850164172041663591e+01
1.459212363387394440e+01
1.512196125836058158e+01
2.871775690681275961e+01
2.405195196204540409e+01
2.525252087379627497e+01
2.586065237154253182e+01
3.046314559665256638e+01
1.110127528799685592e+01
1.230439709352077493e+01
2.676995802541355118e+01
2.707102411954844001e+01
2.766878938993861325e+01
2.219820064671140614e+01
1.733183275207602847e+01
5.240455733969806573e+00
2.288440381866201889e+01
7.065376851052403318e+00
2.084455163355741991e+00
8.207838506918248456e+00
1.354655126456938596e+01
3.186243238099157793e+01
2.894621903862909562e+01
2.862282176269913947e+01
2.565400925437963409e+01
5.195789456203784518e+00
2.859925999915465411e+01
1.614855916067633146e+01
2.123922920370640455e+01
2.336091104740483715e+01
3.268851687675296880e+00
1.727476307565785163e+01
5.053477829033414537e+01
1.260219060572475946e+01
3.371795344683944506e+01
3.833886162863726810e+01
2.643297340951120944e+01
1.973836245219363761e+01
4.189771901852222413e+01
4.404612886176084174e+01
3.748330103268042279e+01
3.520256494282344306e+01
3.759530137500227198e+01
2.001533218644627965e+01
2.663614620352922557e+01
9.578054240852123868e+00
1.716264588437343974e+01
-6.411740128982512665e+00
3.686533450592603955e+00
2.288143091387298966e+01
6.582297730167148586e+00
1.471420355054371676e+01
6.548310399534668091e-01
6.701365112295180282e+00
9.512764822018604960e+00
2.528887678767002356e+01
3.815781365959766802e+00
2.286026159040088501e+01
1.838869212276376075e+01
-5.379689767201131900e+00
1.476414862152608087e+01
3.274905262765118863e+01
-3.552490089852764932e+00
1.147968661007186775e+01
1.776032234178836333e+01
-2.392972966389323997e+00
-8.377751952548296188e+00
-1.850182949572226576e+01
-2.087371712822146397e-01
-2.352578727267409686e+00
3.089201767912699292e+00
7.910264582454947124e+00
7.304728371507701823e+00
9.023113876742163697e-01
-1.329709278756875612e+00
7.327213124390044463e+00
-4.006115847583366363e-02
4.663568333601627813e+00
1.543943262406892458e+01
2.046133553844036612e+01
9.877704885577081484e+00
5.346031266098999701e+00
-4.323809677683863484e+00
-1.525747388595387299e+01
-9.614232675271077611e+00
-1.130518546849506656e+01
-9.634829299396201918e+00
-2.298019246204648880e+01
-1.162140539751064239e+01
-2.729813106798211919e+01
-3.001478559534372792e+01
-1.531552951905387872e+01
-1.893025792486218251e+01
-2.200529535693819483e+01
-1.405770174790453098e+01
-2.774738725854691168e+01
-2.521101996628337361e+01
-3.664822240461203506e+01
-2.026449401799957073e+01
-1.845370709717043312e+01
-4.318651059853869612e+01
-4.345282144359972420e+01
-3.796222749684815057e+01
-2.436795314425923209e+01
-3.471775715979723742e+01
-1.798049983881420033e+01
-3.217050826398556751e+01
-3.803290492540312329e+01
-3.334782739717484645e+01
-3.724167812766435759e+01
-1.699285483024614507e+01
-3.740117106051902596e+01
-3.690689167875835608e+01
-1.387255600287768331e+01
-3.034966876910693045e+01
-4.042027165775624553e+01
-2.642019090521078439e+01
-3.043071988546746454e+01
-1.088908579938010668e+01
-4.558094242018113640e+00
-5.016130177951544589e+00
-1.197623736184881871e+01
-1.484356396260977640e+01
-2.148626553170780440e+00
-9.977003792405545468e+00
-1.201423514610815957e+01
-8.706745849254813763e+00
-1.985638290576482490e+01
-1.870509644452396003e+01
-1.977591157693641222e+01
-1.555043659394296540e+01
-1.914906511424975477e+01
-5.912317027421777560e+00
-2.361439613236265345e+01
-1.624973290041037544e+01
-2.322108286468083094e+01
-9.701517823876734781e+00
-2.037047268657539334e+01
-1.521630800751975698e+01
-2.695955237305320651e+01
-3.628470409283943354e+01
-2.705222495063333454e+01
-2.635096129969817369e+01
-2.712495326604600976e+01
-2.271983127761072296e+01
-8.037925653034941220e+00
-1.694458665585877455e+01
-1.156719368337149945e+01
-2.503655230779523233e+00
-2.717677750438734385e+00
1.204195501237604660e+00
7.765797273845034709e+00
-1.391327951324490542e+01
-1.184784961926772162e+01
-9.305010849357319813e+00
1.368324501621404821e+01
1.713808083241675817e+01
1.357324877470209401e+01
1.189865010840641979e+01
-1.013168781967239696e+00
1.127192592665723758e+01
1.848957057822715555e+01
9.396711958230129724e+00
-9.792150748780924729e+00
1.215979227786481154e+01
-1.501734339143055319e+00
-7.095122300764571399e+00
2.117018132827437338e+00
-4.580657967517801410e+00
-6.193440673711716471e+00
-5.847675023796650606e+00
-9.410241515397906653e+00
-5.760798648803508115e+00
6.449502948344008502e+00
-7.283642827639276618e+00
3.152281587014294395e+00
-5.902478047216950685e+00
-1.061696676476757517e+01
-1.513821578780839694e+01
-2.242027692979415399e+00
-2.748272994637869893e+00
-8.019792828323371481e+00
2.331333739344516331e+01
-1.417661164276676544e+01
-6.141635232092260921e+00
-2.319570713905585535e+01
-2.451854784821652089e+01
-7.714313860540737977e-01
-2.815092704826104963e+00
7.471175483294131503e+00
1.304095438922633754e+01
-9.069398829849555810e+00
2.490703758977477644e+00
-1.703724207918553546e+01
-1.072075077366039331e+01
3.058770454028708397e+00
1.171157978011788448e+00
-9.175591422538218467e+00
-1.264801973425636739e+01
-1.408716898888761726e+01
-5.612153123198471150e-01
-1.185590301132804614e+00
-1.596845753649495236e+01
4.983119312112569865e+00
2.061529089252932323e+01
1.085199198809659826e+01
1.823241597096283328e+01
1.347842944581397440e+01
1.026357495554600163e+01
1.098184667977608164e+01
2.244571713753488140e+01
1.703770608125712727e+01
1.598829253045439991e+01
3.577929184896576231e+01
3.484914612294453207e+01
2.813188122877177122e+01
2.999510779747237166e+01
2.930782055961577370e+01
3.681632965678096525e+01
2.906445327584804161e+01
1.619124284514353107e+01
9.527108869024965898e+00
2.722930101467859032e+01
2.174674377924919710e+01
3.290513514689794761e+01
3.965150037369417646e+01
2.309204454605054480e+01
2.538623258991039222e+01
2.432494852208039759e+01
7.456916060785573563e+00
1.245355118040414943e+01
2.880708972937063628e+00
-7.087648534687772894e+00
-4.541538438323437177e+00
9.631247275649130302e+00
1.182024254083878922e+01
8.413380406218768925e+00
-1.134364477697689644e+01
1.352811957463336157e+01
-4.091486501347592508e+00
1.067366771051492691e+01
-6.796369237544477748e+00
9.783363360754774973e+00
2.129201372654955016e+00
4.918789636960565481e+00
-1.301844087215247026e+00
-1.475675910704103311e+00
-2.188992816037341083e+00
-1.310210360535856289e+01
-5.970809153959596216e+00
-2.559339336648768182e+01
-3.082960942621236455e+01
-2.311927481585627220e+01
-1.244192787568846548e+01
-1.548329327123463628e+01
-1.514052630980545544e+01
-1.057542219431464225e+01
-1.047228537178365393e+01
-2.393937102979378295e+01
-5.401560417700451211e+01
-4.351677144200264991e+01
-3.606934021619736086e+01
-3.869688208457842649e+01
-4.958681306465226157e+01
-4.552101220502060386e+01
-5.581181437217333752e+01
-5.344250061794333106e+01
-5.188567210080750414e+01
-6.369505695401591794e+01
-4.751235904511276686e+01
-5.434905093758927563e+01
-3.489652900650661138e+01
-4.616370616581369291e+01
-4.791788864456982822e+01
-4.159115766613919618e+01
-2.974955964732376401e+01
-3.935430081157826976e+01
-3.449104749418852123e+01
-5.575466522390433965e+01
-3.753512406333634033e+01
-4.260489534275048129e+01
-3.210302241192695760e+01
-3.684742801304173554e+01
-4.095978056654227117e+01
-4.205858459869262589e+01
-5.462321273845228831e+01
-4.708663706894822809e+01
-4.376742500954555481e+01
-4.616988151128951756e+01
-5.147358249879061987e+01
-6.281148131218611042e+01
-6.237445930892948098e+01
-6.089688210714292893e+01
-5.621789135283235339e+01
-5.429481394310313647e+01
-6.900545920909667075e+01
-6.514517694244770496e+01
-6.276333989094384691e+01
-7.495893953257711928e+01
-8.105688827606672930e+01
-5.903565713533090786e+01
-5.045921902259261316e+01
-6.234778920999941931e+01
-4.854102986038001433e+01
-5.666323571564320360e+01
-6.309140136355929229e+01
-5.847906305637953039e+01
-6.604044862915952763e+01
-5.265856538804187181e+01
-6.836766580824247796e+01
-5.893212389072574808e+01
-6.464229313956606404e+01
-6.663579603104808768e+01
-6.462686937857516511e+01
-6.491807402250471171e+01
-6.623960839374261411e+01
-6.138881451708313364e+01
-7.162993371207552684e+01
-6.352949207808281784e+01
-6.356670487837263295e+01
-5.293951781366322251e+01
-6.532019567318572228e+01
-6.493396774598544141e+01
-6.455335214931767496e+01
-6.846805442688508947e+01
-6.296549679315734949e+01
-6.118278643999730093e+01
-5.239604970717400789e+01
-5.594002628268303567e+01
-6.144444952008207395e+01
-6.341380086149897011e+01
-6.027502313374390042e+01
-5.482309427377829536e+01
-7.099111792388791287e+01
-6.295345489404017769e+01
-6.382254918297008572e+01
-5.939828576538285887e+01
-6.592109351209236934e+01
-6.571840616072562113e+01
-5.677672877955411224e+01
-6.004383263075202137e+01
-6.915460637864725868e+01
-6.113716529248427634e+01
-5.794877171814671613e+01
-7.037237907505705437e+01
-7.059003750088488971e+01
-7.090880053071047939e+01
-6.747811813095241007e+01
-7.228113158752063327e+01
-5.617454892047823023e+01
-7.147824876723869636e+01
-6.581826604999272945e+01
-7.566790109544682252e+01
-6.979520864497300181e+01
-6.578411360038478506e+01
-6.715953325114864469e+01
-6.951232898437558561e+01
-5.178320267832496882e+01
-5.693518023723980548e+01
-7.340883400303569317e+01
-6.991756713013947433e+01
-6.875506953540491395e+01
-7.963446881381537423e+01
-7.261736511858732968e+01
-8.133901800948693506e+01
-7.347148999350683596e+01
-6.095418987787778775e+01
-6.352879631224216439e+01
-7.206303656745836861e+01
-6.134542988277006259e+01
-6.431958729137080866e+01
-5.219372675540082440e+01
-6.467037194894014362e+01
-6.431431564332109474e+01
-6.603770084884669700e+01
-6.176957046363098414e+01
-5.790107434912056306e+01
-6.093875845477843711e+01
-6.323156217408858026e+01
-6.863879184133843125e+01
-6.508542116854728476e+01
-5.825326673638075192e+01
-6.938569066027476140e+01
-7.436348984651155547e+01
-6.523835103181788497e+01
-8.251617326940657904e+01
-6.049919622250237694e+01
-5.785948962312905763e+01
-5.858764570323098297e+01
-6.234577344829958889e+01
-6.780296615224179391e+01
-5.556318309968861513e+01
-5.964302487415159959e+01
-5.339061752669375238e+01
-5.733035370901452410e+01
-6.166198335666009456e+01
-6.604331664470804242e+01
-5.085327985694583930e+01
-5.548487407072307320e+01
-6.116521802941276320e+01
-5.567485607415944315e+01
-6.279705163491335185e+01
-5.985585649051840562e+01
-6.317348335460596331e+01
-5.031809745270360423e+01
-6.620117214025398766e+01
-6.143127128074925736e+01
-7.434786593169347668e+01
-5.916847094530633200e+01
-5.690299372415456247e+01
-6.261340373701964523e+01
-7.139503951070898324e+01
-7.268117841492602338e+01
-6.830724363397722243e+01
-6.144253643408573140e+01
-8.000377877386000591e+01
-9.039017233622944048e+01
-9.518329550049254806e+01
-8.633552755774712750e+01
-9.878188762962253122e+01
-9.459678412020639371e+01
-8.713807798589266440e+01
-9.734155647206773665e+01
-8.682142501478129759e+01
-9.160539360495675965e+01
-8.590782322503048363e+01
-8.244943467676968396e+01
-8.733923731351872277e+01
-7.672562906942435745e+01
-7.995206351830974256e+01
-8.438346715038005641e+01
-7.397822712761266928e+01
-7.180434365317267975e+01
-7.827945247147258101e+01
-7.547924637132436487e+01
-7.638072706043513449e+01
-7.650284069958817668e+01
-8.265690666894917626e+01
-8.333746329427087574e+01
-7.773358738016399627e+01
-6.636804380523703628e+01
-8.144373526504587346e+01
-8.347415382776668480e+01
-7.899068530579016567e+01
-7.719668435497641212e+01
-7.384362472570836644e+01
-8.936421205469964946e+01
-8.984512974705842225e+01
-7.487659943033165177e+01
-8.163362319564151903e+01
-8.393205069386837636e+01
-6.165235983043714896e+01
-8.234166276029452547e+01
-7.120831662331298162e+01
-8.280875745104363261e+01
-7.587552293926027858e+01
-6.794555863614264979e+01
-6.852149129283247930e+01
-5.517179191507852209e+01
-7.636872480853108414e+01
-7.822290222441090179e+01
-7.650205879493157113e+01
-7.524055165187380112e+01
-6.913579182280504654e+01
-7.244664410186747716e+01
-7.350156236309537405e+01
-6.939361597718749408e+01
-6.633320538405222067e+01
-7.509334291984060883e+01
-7.922769676305159692e+01
-8.039049380432150826e+01
-8.012408147633749422e+01
-7.955426500386496969e+01
-8.626514544268509610e+01
-8.832586535548118434e+01
-8.201893384844800039e+01
-7.215947075527788002e+01
-7.616252229637825621e+01
-7.085101349161142537e+01
-7.529861113100817249e+01
-6.999792445567241828e+01
-7.698258187853828360e+01
-8.368225199527853420e+01
-7.677903576282105291e+01
-8.204590398903090431e+01
-8.434135715914527509e+01
-8.401526943832431016e+01
-7.013048814862163738e+01
-6.248230022234002234e+01
-6.879348782477498503e+01
-6.974319571653073524e+01
-6.672120119144391026e+01
-6.917620724146225086e+01
-6.751832537210057694e+01
-7.775777228855280043e+01
-8.512750829280399500e+01
-5.834309845940297379e+01
-7.760653622722583123e+01
-8.541749343141904660e+01
-6.722675165513578577e+01
-6.968240319859626197e+01
-7.490653836994020764e+01
-7.116978926967516372e+01
-6.145436354647150523e+01
-6.517429838570772915e+01
-6.793979900667298466e+01
-6.636885558752852887e+01
-6.482661937925016105e+01
-6.780845499959409040e+01
-7.882549244295827862e+01
-7.365100259547615735e+01
-7.257635277662278384e+01
-6.805743575943246526e+01
-6.920908076394945851e+01
-7.133070415563041422e+01
-7.103976643148664039e+01
-8.323991825161354541e+01
-9.038501678212983848e+01
-8.471131797642918571e+01
-8.338235150931124906e+01
-9.102718898799186320e+01
-1.036579920125353738e+02
-9.630536000640654493e+01
-9.271600023876887064e+01
-8.851125197546031131e+01
-9.159655476976234922e+01
-9.013415142289208859e+01
-9.818068001218910013e+01
-9.528721558601959885e+01
-9.807643472941393270e+01
-9.501666382542383360e+01
-9.248253579678836900e+01
-7.964982129392025456e+01
-6.738993408774422278e+01
-9.063692803112664365e+01
-9.262390902772906998e+01
-8.702227982519418958e+01
-8.092384937385483568e+01
-8.154098147198506297e+01
-7.007337122493882475e+01
-7.655349201631234735e+01
-6.824254097825372867e+01
-7.911844068383192052e+01
-8.613427365585850737e+01
-8.338084418349043858e+01
-8.777109032177457948e+01
-8.040075181361328305e+01
-8.271877157649369394e+01
-6.751203340264544295e+01
-7.034049872525736191e+01
-8.406169461764947926e+01
-9.075409207409120427e+01
-8.229791897823398017e+01
-9.669968545887446965e+01
-7.798617753969185173e+01
-9.489804551345912387e+01
-8.642241332599215298e+01
-7.106337306516148544e+01
-7.581259271145881939e+01
-9.401515372826750649e+01
-8.236627333890193370e+01
-9.581018792479174806e+01
-1.013873931254290426e+02
-9.309943264263738172e+01
-8.765290736332521249e+01
-8.586833234469648346e+01
-9.078435984469108178e+01
-9.173434344448510558e+01
-9.052016720487841894e+01
-8.168238314053878923e+01
-9.313680188555974837e+01
-8.282491450449057879e+01
-9.181028849019611471e+01
-8.507936608139144141e+01
-8.629582679359734243e+01
-8.005037373659520483e+01
-7.025409588849301201e+01
-8.154758285614028068e+01
-8.184600252418294986e+01
-8.640262354803097367e+01
-8.555190929063411431e+01
-7.621096825260121932e+01
-8.674304866371210210e+01
-8.436900877902604634e+01
-8.565905819837186641e+01
-8.743293613237577233e+01
-8.012706342969549667e+01
-7.511956168539231271e+01
-8.715563899934623748e+01
-8.426488561136306998e+01
-1.006637043597698948e+02
-8.674329933632158429e+01
-9.346998168941712493e+01
-9.539655118986442517e+01
-8.208127334437986633e+01
-9.054900135458812827e+01
-9.280792233796736923e+01
-8.909520505652383804e+01
-9.643216796631807597e+01
-9.133342262904243114e+01
-8.906587296677614063e+01
-8.577935096323548692e+01
-8.788240167862761609e+01
-9.979337464079701192e+01
-9.061169625300748010e+01
-9.612826838953198205e+01
-9.015310932949293488e+01
-9.699499370377468210e+01
-9.434215879168071694e+01
-9.503743468516331916e+01
-9.072368804463225445e+01
-9.378050487987853501e+01
-9.689995526632569067e+01
-9.521080856777949464e+01
-9.788237709984372259e+01
-9.625999967786256661e+01
-8.828279347753300499e+01
-9.531550418993514029e+01
-1.044364344404090019e+02
-1.076931843291555424e+02
-1.058988878366054536e+02
-9.075243322244412525e+01
-1.059994778672268012e+02
-1.094513389140350625e+02
-1.037810679184420763e+02
-1.070953667472358148e+02
-1.038435301063070426e+02
-9.304219041550406644e+01
-1.020711771819424882e+02
-9.966903192579400184e+01
-1.053035194906149599e+02
-9.381055281925766565e+01
-9.764138761123365384e+01
-9.882103482627404389e+01
-1.044833190106454737e+02
-9.749188499243859951e+01
-8.063199299599315850e+01
-1.023001974440080630e+02
-9.870932219264922480e+01
-9.588522024694680113e+01
-9.244037297194790881e+01
-9.078525630423210657e+01
-1.078413787310357037e+02
-9.533613139550772075e+01
-1.063490431755230077e+02
-9.525887239592293554e+01
-9.418192897905841221e+01
-9.167235384364448691e+01
-8.357991897251123703e+01
-9.861495543941857989e+01
-7.303913152296162536e+01
-7.579468352595768010e+01
-7.922692108088304508e+01
-8.463381041027108154e+01
-8.207044071029598342e+01
-8.150915984229004607e+01
-8.410768762454350167e+01
-7.868892353411831664e+01
-7.358517667715042876e+01
-8.567365562914990562e+01
-9.399767619902526405e+01
-9.592753007891430173e+01
-7.940400880712890341e+01
-7.365325056108829926e+01
-8.194734944701652068e+01
-8.031627291628109333e+01
-7.286330231493161591e+01
-5.640844296150857673e+01
-6.769432540632008966e+01
-5.019799659530895752e+01
-4.139127127847105214e+01
-3.675243941695252659e+01
-4.311843226672361595e+01
-5.619723264644155591e+01
-5.445286039621538521e+01
-5.622115445003181833e+01
-4.696886964437057088e+01
-3.945033829784370027e+01
-6.101622831621714482e+01
-5.189570600291071401e+01
-7.204788920175568023e+01
-5.036353850400354304e+01
-5.851615293098098647e+01
-6.138428970930991113e+01
-6.360179875530337767e+01
-7.527092716525984883e+01
-6.124932155505667453e+01
-6.976338732482167870e+01
-5.892499539017602217e+01
-6.231475219678386424e+01
-6.905951310624583073e+01
-6.203208003457411479e+01
-6.450887098014082710e+01
-6.767132306293063948e+01
-6.600990742510634846e+01
-6.724112141811116317e+01
-6.787766180341155575e+01
-7.237669779917469270e+01
-5.601660892525936930e+01
-5.898360533832059360e+01
-5.537069087128412548e+01
-7.158939600501317102e+01
-8.535046074452384346e+01
-7.417041070738689257e+01
-6.456649786077110775e+01
-7.464812614319980355e+01
-7.725401262854514073e+01
-7.864029020660672131e+01
-8.577303329365003037e+01
-6.889783731188377658e+01
-7.768290163347465693e+01
-8.770286303049709886e+01
-7.193086888245827026e+01
-7.700246067830359209e+01
-7.805042426815833778e+01
-5.806638062100337550e+01
-6.593509575048041427e+01
-6.461100025402082281e+01
-6.447618940605201487e+01
-6.498804079591414506e+01
-7.398867000655185677e+01
-7.606013047594082366e+01
-8.735361939003153964e+01
-8.269200445511151543e+01
-7.029116980555781424e+01
-7.291757781563171648e+01
-7.902748708552400103e+01
-8.435424926513287858e+01
-9.410287077858363602e+01
-7.620445218896087169e+01
-9.539091642034300378e+01
-8.717073378041119724e+01
-9.859651514429735641e+01
-8.973786257036783809e+01
-8.990248994852386488e+01
-8.974759720449837630e+01
-8.999844020876361128e+01
-9.041276950159628711e+01
-9.068817521298963413e+01
-8.555326870649582816e+01
-7.433811093082586297e+01
-8.142977773138784414e+01
-9.507660411675547607e+01
-9.877897936177967608e+01
-1.080646879261288404e+02
-8.927726296842875797e+01
-8.195300613125596101e+01
-8.022955841994236437e+01
-7.862224100250372771e+01
-6.662067800224362202e+01
-7.251934536124213082e+01
-9.095513012164737177e+01
-8.969117919697647778e+01
-9.816186193883220312e+01
-7.831987116243281832e+01
-9.074559137012856525e+01
-8.308560392937646100e+01
-8.800607030497614858e+01
-9.339021150046326625e+01
-7.643403889093421810e+01
-8.185709718862661077e+01
-7.841275996888987265e+01
-8.049387956476753914e+01
-8.603391430753504210e+01
-8.299401995307674440e+01
-9.197700351449677214e+01
-8.727249842584741657e+01
-8.561942521790142280e+01
-8.614316920627994989e+01
-8.674695574258996089e+01
-8.510871780097963324e+01
-9.083124041699603879e+01
-9.729333499448934219e+01
-8.248493406343645518e+01
-8.896652872407010193e+01
-8.682450187005247244e+01
-9.026695154664923848e+01
-9.708575882498553256e+01
-1.019232942815030611e+02
-9.997615362919981408e+01
-9.430364284282609333e+01
-9.209594636666476219e+01
-8.900914958755855366e+01
-8.621803933353494642e+01
-1.048490675812748947e+02
-1.040509087264616142e+02
-8.836175437170733460e+01
-6.943129777159279570e+01
-8.849766624943013937e+01
-9.777705682487329852e+01
-9.348476964972566350e+01
-9.432613186349647094e+01
-8.979249682328214988e+01
-9.102570001074838046e+01
-7.925375365817245665e+01
-7.957591792312014434e+01
-8.276902889225353022e+01
-9.193236600633981936e+01
-8.782800192228886260e+01
-9.644206717327448075e+01
-8.260653843873595292e+01
-9.720861380499373183e+01
-8.343465806003867158e+01
-8.059948015260687271e+01
-9.107075285171427481e+01
-7.996628331998122974e+01
-8.159909535047756890e+01
-8.053243550561607833e+01
-9.446253517185085968e+01
-9.389201290176565351e+01
-9.056107743193310000e+01
-9.459576532904341661e+01
-8.824970366395854171e+01
-7.337231541735732776e+01
-8.564718801224665867e+01
-7.927821572753290980e+01
-8.474432385079558117e+01
-8.496930917772448311e+01
-7.327401170596446889e+01
-8.195910550551404583e+01
-7.748447261061961910e+01
-7.332570423625728040e+01
-7.364181304817689977e+01
-7.793675686787580048e+01
-7.999668231591041945e+01
-6.604910520593496415e+01
-6.761399475067118203e+01
-7.836561034394922842e+01
-7.815436721882406346e+01
-7.846049085377403287e+01
-7.463070199630200818e+01
-5.835724896058139421e+01
-7.531489278660488651e+01
-7.195677806947250588e+01
-7.296119339565692030e+01
-6.939009885159809699e+01
-7.382041560943488889e+01
-6.811210029617558348e+01
-9.025857701299213431e+01
-8.618786195392928562e+01
-9.450817674622777531e+01
-8.710572727923785408e+01
-7.999264001391711076e+01
-8.801272897528090766e+01
-8.006001166684509940e+01
-9.143351897792946659e+01
-8.249590147186339095e+01
-7.583449374129234855e+01
-7.611028461770578701e+01
-6.912213277950282020e+01
-6.956206549049767318e+01
